7.1518
10.1625
13.006
10.228
12.7243
10.334
12.1374
7.15873
11.5058
10.3569
9.8904
9.88238
10.8165
10.8781
10.2463
12.1569
12.091
8.11582
12.114
10.0236
12.0443
13.0355
11.6217
11.922
12.1179
12.56
12.4128
12.6201
9.85666
9.74963
12.3539
12.2905
11.9972
10.2422
9.91417
10.467
7.11016
12.4816
7.16561
10.0455
12.3027
9.77379
11.8892
12.7203
12.7216
10.1601
11.8421
10.4647
12.2892
10.4344
10.3517
12.5232
12.1202
11.7985
9.8618
12.6791
10.5328
12.5301
10.0777
12.2433
12.4374
10.4075
12.5923
7.11479
12.0292
12.5118
12.3931
10.3147
7.53656
11.8963
11.6973
12.24
9.65725
7.12102
12.0288
6.96357
12.1206
12.0996
12.2282
9.4981
11.7174
12.3476
11.8758
10.0452
12.0361
12.1476
11.704
11.9169
10.5317
10.3571
12.6331
11.9394
12.1655
11.8269
12.2474
10.262
10.2892
12.1988
12.2209
13.0111
