0.450494
0.841894
0.320827
0.419884
0.52855
0.420919
0.419572
0.315515
0.430184
0.319121
0.319504
0.423275
0.316414
0.42369
0.420872
0.421751
0.421283
0.421244
0.423638
0.426625
0.317103
0.420932
0.422718
0.422463
0.421199
0.422422
0.337059
0.318422
0.424724
0.524006
0.418993
0.421071
0.421379
0.525182
0.420523
0.422971
0.422313
0.42054
0.42118
0.421961
0.317232
0.424446
0.418219
0.425981
0.424792
0.419337
0.422461
0.422203
0.421432
0.315611
0.422305
0.425112
0.419149
0.422892
0.42273
0.422729
0.42403
0.316489
0.317113
0.422676
0.424763
0.3174
0.209659
0.212474
0.317341
0.318399
0.42159
0.316525
0.315724
0.421617
0.421393
0.42108
0.315448
0.422646
0.419308
0.423148
0.326623
0.423682
0.424222
0.631273
0.419809
0.418752
0.421182
0.422747
0.523816
0.422285
0.426106
0.420783
0.418605
0.420481
0.4219
0.420531
0.426026
0.524306
0.5311
0.417062
0.321209
0.319286
0.422189
0.318122
